000000000000000000000000000000000000000000000000000000000000000000
000000000000000000000000000000000000000000000000000000000000000000
000000000000000000000000000000000000000000000000000000000000000000
000000000000000000000000000000000088880000000000000000000000000000
000000000000000000000000000000008888118800000000000000000000000000
000000000000000000000000000000008811888800000000000000000000000000
000000000000000000000000000000008833000000000000000000000000000000
000000000000000000000000000000008833000000000000000000000000000000
000000000000000000000000000000000033000000000000000000000000000000
000000000000000000000000000000008833000000000000000000000000000000
000000000000000000000000000000007788118800000000000000000000000000
000000000000000000000000000000008811888800000000000000000000000000
000000000000000000000000000000000088888800000000000000000000000000
000000000000000000000000000000000000000000000000000000000000000000
000000000000000000000000000000000000000000000000000000000000000000
000000000000000000000000000000000000000000000000000000000000000000
000000000000000000000000000000000000000000000000000000000000000000
000000000000000000000000000000000000000000000000000000000000000000
000000000000000000000000000000000000000000000000000000000000000000
000000000000000000000000000000000000000000000000000000000000000000
000000000000000000000000000000000000000000000000000000000000000000
000000000000000000000000000000000000000000000000000000000000000000
