000000000000000000000000000000000000000000000000000000000000000000
000000000000000000000000000000000000000000000000000000000000000000
000000000000000000000000000000000000000000000000000000000000000000
000000000000000000000000000000000000000000000000000000000000000000
000000000000000000000000000000000000000000000000000000000000000000
000000000000000000000000000000000000000000000000000000000000000000
000000000000000000000000000000000000000000000000000000000000000000
000000000000000000000000000000000000000000000000000000000000000000
000000000000000000000000000000000000000000000000000000000000000000
000000000000000000000000000000888800000000000000000000000000000000
000000000000000000000000000033337711880000000000000000000000000000
000000000000000000000000000033338800880000000000000000000000000000
000000000000000000000000000000001100880000000000000000000000000000
000000000000000000000000000088888800880000000000000000000000000000
000000000000000000000000000088118888880000000000000000000000000000
000000000000000000000000000088881188000000000000000000000000000000
000000000000000000000000000000008888000000000000000000000000000000
000000000000000000000000000000000000000000000000000000000000000000
000000000000000000000000000000000000000000000000000000000000000000
000000000000000000000000000000000000000000000000000000000000000000
000000000000000000000000000000000000000000000000000000000000000000
000000000000000000000000000000000000000000000000000000000000000000
