000000000000000000000000000000000000000000000000000000000000000000
000000000000000000000000000000000000000000000000000000000000000000
000000000000000000000000000000000000000000000000000000000000000000
000000000000000000000033000000000000000000000000000000000000000000
000000000000000000000033000000000000000000000000000000000000000000
000000000000000000000033888811880000000000000000000000000000000000
000000000000000000000033111188888800000000000000000000000000000000
000000000000000000000033880011888800000000000000000000000000000000
000000000000000000000088000088000000000000000000000000000000000000
000000000000000000000088888811888800000000000000000000000000000000
000000000000000000000000008888887700000000000000000000000000000000
000000000000000000000000000000000000000000000000000000000000000000
000000000000000000000000000000000000000000000000000000000000000000
000000000000000000000000000000000000000000000000000000000000000000
000000000000000000000000000000000000000000000000000000000000000000
000000000000000000000000000000000000000000000000000000000000000000
000000000000000000000000000000000000000000000000000000000000000000
000000000000000000000000000000000000000000000000000000000000000000
000000000000000000000000000000000000000000000000000000000000000000
000000000000000000000000000000000000000000000000000000000000000000
000000000000000000000000000000000000000000000000000000000000000000
000000000000000000000000000000000000000000000000000000000000000000
