000000000000000000000000000000000000000000000000000000000000000000
000000000000000000000000000000000000000000000000000000000000000000
000000000000000000000000000000000000000000000000000000000000000000
000000000000000000000000000000333300000000000000000000000000000000
000000000000000000000000000000333333000000000000000000000000000000
000000000000000000000000000000881188000000000000000000000000000000
000000000000000000000000000000118811880000000000000000000000000000
000000000000000000000000000000881100880000000000000000000000000000
000000000000000000000000000088118800880000000000000000000000000000
000000000000000000000000000088888888880000000000000000000000000000
000000000000000000000000000000007700000000000000000000000000000000
000000000000000000000000000000000000000000000000000000000000000000
000000000000000000000000000000000000000000000000000000000000000000
000000000000000000000000000000000000000000000000000000000000000000
000000000000000000000000000000000000000000000000000000000000000000
000000000000000000000000000000000000000000000000000000000000000000
000000000000000000000000000000000000000000000000000000000000000000
000000000000000000000000000000000000000000000000000000000000000000
000000000000000000000000000000000000000000000000000000000000000000
000000000000000000000000000000000000000000000000000000000000000000
000000000000000000000000000000000000000000000000000000000000000000
000000000000000000000000000000000000000000000000000000000000000000
